POS   REF  A    C    G    T    .
1     A    100  0    0    0    0
2     T    0    0    0    100  0
3     T    0    0    0    100  0
--                             
3495  A    100  0    0    0    0
3496  G    0    0    100  0    0
3497  G    0    0    100  0    0
3498  C    0    27   0    0    73
3499  T    0    0    0    100  0
3500  A    100  0    0    0    0
3501  C    0    100  0    0    0
--                             
5404  T    0    0    0    100  0
5405  A    100  0    0    0    0
5406  T    0    0    0    100  0
5407  C    61   39   0    0    0
5408  T    0    0    0    100  0
5409  T    0    0    0    100  0
5410  A    100  0    0    0    0
